## htsjdk.samtools.metrics.StringHeader
# CollectMultipleMetrics --INPUT 20IRR0007-Nseq.sorted.bam --OUTPUT 20IRR0007-Nseq.CollectMultipleMetrics --TMP_DIR tmp --VALIDATION_STRINGENCY LENIENT --REFERENCE_SEQUENCE KM821911.1.fa --ASSUME_SORTED true --STOP_AFTER 0 --METRIC_ACCUMULATION_LEVEL ALL_READS --PROGRAM CollectAlignmentSummaryMetrics --PROGRAM CollectBaseDistributionByCycle --PROGRAM CollectInsertSizeMetrics --PROGRAM MeanQualityByCycle --PROGRAM QualityScoreDistribution --INCLUDE_UNPAIRED false --VERBOSITY INFO --QUIET false --COMPRESSION_LEVEL 5 --MAX_RECORDS_IN_RAM 500000 --CREATE_INDEX false --CREATE_MD5_FILE false --GA4GH_CLIENT_SECRETS client_secrets.json --help false --version false --showHidden false --USE_JDK_DEFLATER false --USE_JDK_INFLATER false
## htsjdk.samtools.metrics.StringHeader
# Started on: Fri Nov 18 17:22:46 CET 2022

## METRICS CLASS	picard.analysis.BaseDistributionByCycleMetrics
READ_END	CYCLE	PCT_A	PCT_C	PCT_G	PCT_T	PCT_N
1	1	18.277615	33.696228	28.062527	19.96363	0
1	2	31.704321	18.86772	15.217496	34.210463	0
1	3	32.803844	20.320102	15.434269	31.441784	0
1	4	31.79946	20.633219	15.875042	31.692278	0
1	5	38.686835	13.798834	10.491835	37.022496	0
1	6	30.804711	20.883713	16.655427	31.652536	0.003613
1	7	31.72359	21.455754	16.484416	30.33624	0
1	8	30.655378	20.928272	16.261621	32.154728	0
1	9	19.910641	31.7826	25.702105	22.604653	0
1	10	31.651332	18.977311	14.738186	34.633171	0
1	11	26.305458	25.458837	20.282769	27.952936	0
1	12	30.186907	21.440098	16.908329	31.464666	0
1	13	26.635435	25.013247	19.51804	28.833277	0
1	14	27.604894	24.980731	20.09249	27.321884	0
1	15	28.944072	22.632352	17.615251	30.808324	0
1	16	30.848066	22.693771	15.51014	30.948023	0
1	17	29.983381	23.112867	16.544631	30.359121	0
1	18	30.279638	22.481815	16.279686	30.958861	0
1	19	29.835252	21.411195	16.961318	31.792235	0
1	20	29.700371	22.523966	16.286912	31.488752	0
1	21	29.572715	22.664868	16.603642	31.158775	0
1	22	29.552242	21.747194	16.040031	32.660533	0
1	23	29.797919	22.168698	16.8722	31.161183	0
1	24	28.612891	22.546847	16.824028	32.016234	0
1	25	29.658221	22.305988	17.174479	30.861313	0
1	26	29.891854	22.545643	16.520545	31.041958	0
1	27	30.699937	20.429693	17.50566	31.364709	0
1	28	30.065273	21.606291	16.839684	31.488752	0
1	29	28.446698	22.028999	18.283636	31.240667	0
1	30	30.496411	21.448528	16.809577	31.245484	0
1	31	29.268028	21.856785	18.12226	30.752926	0
1	32	29.985789	21.786936	16.867383	31.359892	0
1	33	29.423383	22.171107	17.810347	30.595164	0
1	34	30.018305	20.969218	15.979816	33.032661	0
1	35	29.317404	22.757599	18.090949	29.834048	0
1	36	29.263211	21.915796	17.375596	31.445397	0
1	37	28.95732	22.363794	18.40527	30.272412	0.001204
1	38	29.737704	21.043885	17.741702	31.476709	0
1	39	28.754998	22.24216	17.956067	31.046775	0
1	40	30.049617	21.689388	16.899899	31.359892	0.001204
1	41	29.482393	21.431668	17.087769	31.998169	0
1	42	28.95732	21.77128	17.65138	31.62002	0
1	43	30.383207	21.783323	17.913917	29.919553	0
1	44	29.591984	21.682162	17.072113	31.653741	0
1	45	30.610819	21.568958	17.704369	30.115853	0
1	46	30.460282	20.072017	17.123898	32.343803	0
1	47	30.666217	21.872441	17.891035	29.570307	0
1	48	30.289272	21.79657	17.723638	30.19052	0
1	49	29.72807	21.12939	17.893444	31.249097	0
1	50	30.397659	22.411966	17.520112	29.670264	0
1	51	30.216226	21.540685	17.661868	30.58122	0
1	52	30.526671	20.32822	17.983444	31.161664	0
1	53	29.911656	21.123043	17.410903	31.554399	0
1	54	29.915375	21.548087	17.113099	31.423439	0
1	55	30.168224	22.895387	16.969551	29.966838	0
1	56	29.914241	21.702631	17.433992	30.949136	0
1	57	31.39107	22.02116	16.892862	29.694908	0
1	58	29.840822	22.814767	17.159649	30.184763	0
1	59	30.032593	21.823998	17.314099	30.82931	0
1	60	29.118769	22.528255	17.135578	31.217398	0
1	61	28.981061	20.977872	17.476326	32.564741	0
1	62	28.435246	22.943927	18.161828	30.458999	0
1	63	29.684554	22.008702	17.078801	31.227943	0
1	64	29.100075	22.345801	17.710776	30.843347	0
1	65	29.534105	22.154508	16.784561	31.526826	0
1	66	29.388639	21.148449	16.430783	33.032129	0
1	67	29.646435	21.343352	17.909346	31.100866	0
1	68	29.734048	21.991551	16.662833	31.611568	0
1	69	30.606215	21.066144	17.62576	30.701882	0
1	70	29.724295	22.609991	17.043803	30.6207	0.001211
1	71	29.672274	21.858486	16.692927	31.776313	0
1	72	28.955919	22.017603	18.321129	30.705349	0
1	73	29.602717	20.338448	17.622369	32.436465	0
1	74	28.539705	22.10465	17.987331	31.368314	0
1	75	30.733087	21.068671	17.769899	30.428342	0
1	76	29.689835	21.616795	17.269867	31.423504	0
1	77	29.320384	22.335809	16.975215	31.368593	0
1	78	31.200584	21.881766	17.328792	29.588858	0
1	79	29.584423	21.785214	17.210831	31.419531	0
1	80	29.823814	22.581549	17.557745	30.036893	0
1	81	29.146616	21.107389	17.314978	32.431017	0
1	82	28.31304	22.104404	18.374834	31.207722	0
1	83	28.92824	22.63647	17.508171	30.927118	0
1	84	28.654064	20.925521	18.237067	32.183347	0
1	85	29.179691	21.929032	18.291492	30.599785	0
1	86	29.738051	21.627896	16.950933	31.68312	0
1	87	29.645612	20.857426	17.921103	31.575859	0
1	88	30.521371	21.093387	17.638784	30.746459	0
1	89	30.269536	21.583676	16.743782	31.403006	0
1	90	30.05585	22.005438	16.503772	31.43494	0
1	91	29.972425	21.933942	16.795147	31.298486	0
1	92	29.038905	21.336408	18.22352	31.401168	0
1	93	29.601944	21.637147	17.158253	31.602656	0
1	94	28.762529	21.575275	18.008058	31.654137	0
1	95	28.960083	22.560024	17.105344	31.37455	0
1	96	28.645942	22.952675	17.323377	31.078006	0
1	97	28.470299	22.543552	18.099107	30.885811	0.001231
1	98	28.874923	22.884781	16.910659	31.329636	0
1	99	28.483854	21.662925	17.828157	32.025064	0
1	100	29.438197	22.280791	17.761428	30.519585	0
1	101	28.885457	21.608798	17.145681	32.360064	0
1	102	28.718786	21.707296	18.991256	30.582662	0
1	103	28.604496	22.016884	18.069515	31.309105	0
1	104	29.537261	21.382643	17.585331	31.493527	0.001239
1	105	29.571246	22.258741	17.170001	31.000012	0
1	106	29.471502	22.791096	16.462029	31.275373	0
1	107	29.420756	22.262542	17.379795	30.936906	0
1	108	28.813833	21.877216	18.201157	31.107794	0
1	109	28.885956	23.067919	17.589848	30.456278	0
1	110	29.422104	22.485104	17.390491	30.702301	0
1	111	29.406185	21.556049	17.431296	31.60647	0
1	112	29.900772	21.653878	17.218626	31.226724	0
1	113	29.500013	23.216386	16.494832	30.788769	0
1	114	29.588897	22.345116	16.788586	31.277401	0
1	115	28.742522	22.454508	17.26884	31.53413	0
1	116	28.664875	21.635195	17.08643	32.613499	0
1	117	29.385882	21.659438	17.629015	31.325665	0
1	118	29.544539	21.65391	16.935646	31.865905	0
1	119	30.369931	21.791154	17.013819	30.825096	0
1	120	29.256038	22.039868	17.213518	31.490576	0
1	121	30.014034	21.62644	16.993919	31.365608	0
1	122	29.904282	21.18584	17.372313	31.537566	0
1	123	29.773528	20.941645	17.491314	31.793513	0
1	124	29.675871	21.805065	17.474026	31.045038	0
1	125	30.177304	21.597008	17.215283	31.010404	0
1	126	29.665053	21.313041	18.195364	30.826541	0
1	127	30.072686	21.942107	17.286407	30.698801	0
1	128	29.877013	21.993333	17.688152	30.441501	0
1	129	29.37955	21.923663	18.074802	30.621985	0
1	130	28.176994	22.081934	18.501807	31.239265	0
1	131	28.757977	21.423711	17.994119	31.822909	0.001284
1	132	29.976972	22.143748	17.579406	30.298586	0.001286
1	133	29.06136	21.88527	18.468637	30.584733	0
1	134	30.774098	21.256375	17.67577	30.293757	0
1	135	29.943072	20.648208	18.060551	31.348169	0
1	136	29.302253	21.937148	17.918168	30.84243	0
1	137	29.852454	20.575886	18.610335	30.961326	0
1	138	29.226197	22.415007	17.424914	30.933883	0
1	139	31.011483	23.265151	16.516701	29.206665	0
1	140	29.421346	22.837438	17.371429	30.369787	0
1	141	29.364744	22.643554	16.56449	31.427212	0
1	142	31.424845	21.578961	16.327291	30.668903	0
1	143	29.379496	22.238655	18.098824	30.283025	0
1	144	29.765124	21.667349	18.433702	30.133825	0
1	145	29.326715	21.081104	18.213125	31.379056	0
1	146	30.049452	22.250654	16.989161	30.710733	0
1	147	30.215579	23.234433	16.926313	29.623676	0
1	148	29.502501	22.42169	17.40458	30.671229	0
1	149	30.765646	21.626998	16.981504	30.625851	0
1	150	30.721118	20.636304	15.766237	32.876341	0
1	151	38.989516	13.107224	10.35136	37.5519	0
2	152	17.21651	34.832759	29.047367	18.903364	0
2	153	31.189347	19.141763	15.181689	34.487201	0
2	154	32.867773	20.380716	15.588653	31.161654	0.001204
2	155	32.194717	20.421653	15.735546	31.648084	0
2	156	38.709755	13.48159	10.271631	37.537024	0
2	157	30.761914	20.7636	16.600043	31.874443	0
2	158	31.785344	21.413779	16.444723	30.356154	0
2	159	30.321237	21.205481	16.057023	32.415055	0.001204
2	160	19.746189	32.29104	25.585763	22.375804	0.001204
2	161	31.571026	19.0334	14.721747	34.673827	0
2	162	25.717003	25.913261	20.485467	27.884268	0
2	163	30.115347	21.304212	16.899848	31.680593	0
2	164	26.416548	25.3281	19.678763	28.575385	0.001204
2	165	27.548342	24.688757	20.344595	27.418306	0
2	166	28.835456	22.802032	17.724613	30.637898	0
2	167	30.004575	23.028391	15.69822	31.267609	0.001204
2	168	30.309196	22.493799	16.683122	30.513883	0
2	169	30.751078	22.436005	16.314687	30.497026	0.001204
2	170	30.025044	21.547427	16.950418	31.477111	0
2	171	29.707178	22.344499	16.338768	31.609555	0
2	172	28.946228	22.432393	16.654225	31.967154	0
2	173	29.354396	22.044694	16.044983	32.555927	0
2	174	29.639752	22.415537	16.957642	30.987069	0
2	175	28.288824	22.46129	17.013028	32.236858	0
2	176	29.76136	21.937535	17.229754	31.071351	0
2	177	30.103306	22.345703	16.376093	31.174898	0
2	178	30.84138	20.455366	17.466949	31.236304	0
2	179	29.846847	21.735257	16.862523	31.555374	0
2	180	28.376719	22.159077	18.192983	31.270017	0.001204
2	181	30.689672	21.270499	16.817974	31.221856	0
2	182	29.332723	22.020613	17.960604	30.68606	0
2	183	30.182773	21.71238	16.315891	31.788957	0
2	184	29.70477	22.012185	17.883546	30.399499	0
2	185	30.132203	21.211501	15.853541	32.802755	0
2	186	30.009391	22.759891	17.891974	29.338743	0
2	187	29.196667	22.11212	17.564476	31.126737	0
2	188	29.005226	22.336071	18.512052	30.146652	0
2	189	29.633732	21.036916	17.911238	31.418114	0
2	190	29.058203	22.423965	17.716185	30.801647	0
2	191	30.128591	22.012185	16.852891	31.006333	0
2	192	29.376069	21.532979	17.021456	32.069497	0
2	193	29.330315	21.602813	17.861873	31.204999	0
2	194	30.365786	21.659402	17.788427	30.186385	0
2	195	29.467575	21.899005	17.277916	31.355504	0
2	196	30.944927	21.289763	17.646351	30.118959	0
2	197	30.447661	19.996629	17.192429	32.362078	0.001204
2	198	30.991885	21.915862	17.601801	29.489248	0.001204
2	199	30.21167	21.848436	17.859465	30.08043	0
2	200	29.268909	21.310232	18.123149	31.29771	0
2	201	30.176752	22.30597	17.713777	29.803501	0
2	202	30.138983	21.822912	17.492051	30.546055	0
2	203	30.207317	20.307663	18.326045	31.158975	0
2	204	29.653461	21.222527	17.396858	31.727154	0
2	205	29.903107	21.631035	17.144303	31.321555	0
2	206	30.195298	22.738999	16.781193	30.284509	0
2	207	30.000121	21.308767	17.721534	30.969578	0
2	208	31.449522	21.962927	17.006163	29.581389	0
2	209	29.717926	22.668484	17.162126	30.451463	0
2	210	29.530533	22.115617	17.465605	30.888245	0
2	211	29.186938	22.617251	16.866059	31.329752	0
2	212	29.028908	21.008525	17.489796	32.47277	0
2	213	28.815238	22.460836	17.945962	30.777964	0
2	214	29.284825	21.781472	17.620193	31.31351	0
2	215	29.022395	22.681073	17.722345	30.574188	0
2	216	29.775145	21.679159	16.829062	31.716634	0
2	217	29.49087	20.992865	16.519531	32.996735	0
2	218	29.845763	21.271397	17.708825	31.174016	0
2	219	29.659571	22.328182	16.55553	31.456717	0
2	220	30.386673	20.929275	17.494734	31.189317	0
2	221	30.284206	21.98932	16.825904	30.90057	0
2	222	29.615674	21.656529	16.968764	31.759033	0
2	223	28.742834	21.877083	18.304226	31.075857	0
2	224	29.524041	20.590554	17.500758	32.384648	0
2	225	28.565017	22.319262	18.045852	31.069869	0
2	226	31.130988	20.773815	17.598942	30.496256	0
2	227	29.658866	21.893786	17.366382	31.080966	0
2	228	29.135025	22.569044	16.497576	31.798355	0
2	229	31.280474	21.466873	17.539487	29.713167	0
2	230	29.979806	21.768327	17.13097	31.120897	0
2	231	29.860029	22.761685	17.765336	29.61295	0
2	232	29.396364	20.736979	17.54527	32.321387	0
2	233	28.218968	22.267167	18.554754	30.959111	0
2	234	29.112057	22.433279	17.187062	31.267602	0
2	235	28.421194	21.372016	18.030427	32.176364	0
2	236	29.147949	22.288818	18.104248	30.458984	0
2	237	29.297877	21.538856	17.299001	31.864266	0
2	238	29.580288	21.137158	17.871373	31.411181	0
2	239	30.270898	21.177766	17.491592	31.059744	0
2	240	30.441646	21.18531	16.765177	31.607866	0
2	241	30.121706	22.177735	16.696053	31.004506	0
2	242	29.970352	21.597814	16.871263	31.56057	0
2	243	29.234504	21.45817	18.079394	31.227933	0
2	244	29.573006	21.655215	17.257669	31.51411	0
2	245	28.640371	21.39524	17.994941	31.969448	0
2	246	28.97897	22.460945	17.393282	31.165575	0.001229
2	247	28.932836	22.769927	16.897268	31.399968	0
2	248	28.354278	22.751609	18.288675	30.605438	0
2	249	28.569669	22.972024	16.811412	31.646895	0
2	250	28.669009	21.678072	17.43419	32.218729	0
2	251	29.58141	22.24375	17.601254	30.573586	0
2	252	28.988981	21.88689	16.83797	32.286159	0
2	253	28.651456	21.817845	19.260496	30.270203	0
2	254	28.730198	21.738861	18.160891	31.37005	0
2	255	29.540078	21.613754	17.536015	31.310153	0
2	256	29.883447	22.322381	16.767514	31.026658	0
2	257	29.592255	22.714578	16.424005	31.269162	0
2	258	28.973298	22.590425	17.610368	30.825909	0
2	259	28.630597	22.097015	18.185323	31.087065	0
2	260	29.184929	23.082478	17.719643	30.012949	0
2	261	29.637662	22.696282	17.331638	30.334418	0
2	262	29.727234	21.51556	17.501435	31.255771	0
2	263	29.500187	21.76059	17.390978	31.348244	0
2	264	29.044122	23.293344	16.884547	30.777988	0
2	265	29.689418	22.563557	17.049468	30.697558	0
2	266	28.745533	22.503918	17.24406	31.506489	0
2	267	28.749686	21.62817	17.24705	32.375094	0
2	268	29.448585	21.634259	17.470054	31.447102	0
2	269	29.241923	21.671219	16.976501	32.110357	0
2	270	30.313268	21.699338	17.298456	30.688938	0
2	271	29.073055	21.785227	17.192154	31.949563	0
2	272	30.180784	21.850822	16.955752	31.012642	0
2	273	29.913772	21.206174	17.229067	31.650987	0
2	274	29.842248	20.912273	17.560679	31.684801	0
2	275	29.534686	21.511414	17.658566	31.295334	0
2	276	29.955476	21.981936	17.257346	30.805241	0
2	277	29.720676	21.577868	17.909592	30.789316	0.002547
2	278	30.216185	21.851923	17.236146	30.693196	0.002551
2	279	29.886673	22.388174	17.688996	30.036157	0
2	280	29.703465	21.757445	18.144222	30.394868	0
2	281	28.080189	22.059616	18.76972	31.090475	0
2	282	28.854136	21.480615	18.109973	31.555276	0
2	283	29.728407	22.28375	17.807425	30.180418	0
2	284	29.267254	21.826252	18.386385	30.520109	0
2	285	30.727948	21.336661	17.732487	30.202905	0
2	286	29.821014	21.158158	17.883018	31.13781	0
2	287	29.218973	22.22742	18.023392	30.530214	0
2	288	30.233134	20.484001	18.379534	30.90333	0
2	289	29.103492	22.368886	17.433053	31.09457	0
2	290	30.761248	23.133005	16.486043	29.619704	0
2	291	29.313896	23.212116	17.173718	30.300269	0
2	292	29.677591	22.842518	16.650934	30.828957	0
2	293	30.987653	22.089796	16.802295	30.120256	0
2	294	29.619473	22.029296	17.90364	30.447591	0
2	295	30.178989	21.433021	18.351583	30.036407	0
2	296	29.189936	21.149134	18.551972	31.108958	0
2	297	29.710822	22.479138	17.218788	30.591252	0
2	298	30.017466	23.163771	17.053925	29.764838	0
2	299	29.4354	21.995435	17.63219	30.936975	0
2	300	30.314572	21.70685	17.215444	30.763133	0
2	301	30.980869	20.034365	15.707311	33.277455	0
2	302	38.018249	13.618477	10.775592	37.587682	0


