## htsjdk.samtools.metrics.StringHeader
# CollectMultipleMetrics --INPUT 20IRR0007-Mseq.sorted.bam --OUTPUT 20IRR0007-Mseq.CollectMultipleMetrics --TMP_DIR tmp --VALIDATION_STRINGENCY LENIENT --REFERENCE_SEQUENCE KM821911.1.fa --ASSUME_SORTED true --STOP_AFTER 0 --METRIC_ACCUMULATION_LEVEL ALL_READS --PROGRAM CollectAlignmentSummaryMetrics --PROGRAM CollectBaseDistributionByCycle --PROGRAM CollectInsertSizeMetrics --PROGRAM MeanQualityByCycle --PROGRAM QualityScoreDistribution --INCLUDE_UNPAIRED false --VERBOSITY INFO --QUIET false --COMPRESSION_LEVEL 5 --MAX_RECORDS_IN_RAM 500000 --CREATE_INDEX false --CREATE_MD5_FILE false --GA4GH_CLIENT_SECRETS client_secrets.json --help false --version false --showHidden false --USE_JDK_DEFLATER false --USE_JDK_INFLATER false
## htsjdk.samtools.metrics.StringHeader
# Started on: Fri Nov 18 17:22:58 CET 2022

## METRICS CLASS	picard.analysis.BaseDistributionByCycleMetrics
READ_END	CYCLE	PCT_A	PCT_C	PCT_G	PCT_T	PCT_N
1	1	18.713773	35.053823	28.125863	18.106542	0
1	2	32.376484	18.824179	14.380348	34.41899	0
1	3	31.658846	21.032294	15.815622	31.493238	0
1	4	31.824455	20.342258	17.030086	30.803202	0
1	5	39.000828	12.862269	10.046922	38.089981	0
1	6	30.471985	21.556721	17.223296	30.747999	0
1	7	31.051615	22.274358	15.567209	31.106818	0
1	8	29.064311	21.335909	16.72647	32.873309	0
1	9	19.2382	32.873309	24.924096	22.964394	0
1	10	31.438035	19.486613	14.794369	34.280983	0
1	11	25.752139	25.531328	21.225504	27.49103	0
1	12	31.106818	21.970742	16.864477	30.057963	0
1	13	26.745791	25.862545	19.376208	28.015457	0
1	14	27.629037	24.786089	19.597019	27.987855	0
1	15	28.098261	23.682031	18.796577	29.42313	0
1	16	30.58239	23.433619	14.104333	31.879658	0
1	17	29.699144	24.068452	15.898427	30.333977	0
1	18	30.692796	22.219155	15.76042	31.327629	0
1	19	30.444383	21.91554	16.53326	31.106818	0
1	20	28.981507	22.30196	17.250897	31.465636	0
1	21	29.781949	22.605575	16.781673	30.830803	0
1	22	29.257521	21.584322	15.622412	33.535744	0
1	23	30.471985	22.136351	16.91968	30.471985	0
1	24	26.883798	21.887938	17.11289	34.115374	0
1	25	29.588739	21.694728	17.554513	31.16202	0
1	26	30.333977	22.522771	16.450455	30.692796	0
1	27	31.244825	20.507866	17.168093	31.079216	0
1	28	29.064311	23.323213	16.174441	31.438035	0
1	29	27.711841	21.253105	18.189346	32.845708	0
1	30	30.140767	20.977091	16.367651	32.514491	0
1	31	28.981507	21.91554	18.768976	30.333977	0
1	32	29.091913	21.059895	16.754071	33.094121	0
1	33	30.030362	21.197902	18.189346	30.58239	0
1	34	30.00276	19.762628	15.981231	34.253381	0
1	35	28.953906	22.550373	18.437759	30.057963	0
1	36	30.19597	21.363511	17.388904	31.051615	0
1	37	30.306376	21.887938	16.892078	30.913608	0
1	38	31.189622	20.342258	17.968534	30.499586	0
1	39	28.760696	21.52912	17.775324	31.934861	0
1	40	30.665195	21.004692	16.671267	31.658846	0
1	41	31.272426	21.004692	16.284847	31.438035	0
1	42	29.754347	22.246757	17.830527	30.168369	0
1	43	30.747999	21.970742	18.989787	28.291471	0
1	44	29.80955	21.887938	17.416506	30.886006	0
1	45	30.886006	20.507866	18.161744	30.444383	0
1	46	31.272426	19.265802	16.616064	32.845708	0
1	47	29.80955	21.556721	18.575766	30.057963	0
1	48	29.505934	22.522771	16.864477	31.106818	0
1	49	29.147116	21.584322	18.713773	30.554789	0
1	50	31.990063	20.701076	17.140491	30.168369	0
1	51	31.122167	22.443339	17.634052	28.800442	0
1	52	29.836701	21.256573	17.492389	31.414337	0
1	53	28.563505	22.268441	16.583472	32.584581	0
1	54	30.675188	19.922201	17.560433	31.842178	0
1	55	30.272677	21.814135	17.22315	30.690039	0
1	56	30.111421	21.810585	17.660167	30.417827	0
1	57	31.121026	21.472393	17.038483	30.368098	0
1	58	31.258722	22.048563	15.573542	31.119174	0
1	59	29.664804	23.575419	17.290503	29.469274	0
1	60	29.530201	22.595078	15.967562	31.907159	0
1	61	28.607453	20.341832	17.511908	33.538806	0
1	62	27.369902	22.897328	18.030942	31.701828	0
1	63	29.952099	22.034376	16.53987	31.473655	0
1	64	29.574288	21.962222	16.887511	31.57598	0
1	65	31.730769	21.606335	15.893665	30.769231	0
1	66	30.830264	21.875886	16.378578	30.915273	0
1	67	29.929078	21.248227	17.106383	31.716312	0
1	68	28.95709	22.250639	18.044899	30.747371	0
1	69	29.472183	21.28388	17.689016	31.554922	0
1	70	28.743201	23.446894	16.032064	31.777841	0
1	71	29.741379	21.781609	16.925287	31.551724	0
1	72	28.847262	23.083573	17.262248	30.806916	0
1	73	30.286375	19.641307	16.575065	33.497252	0
1	74	28.666667	21.217391	18.289855	31.826087	0
1	75	30.986325	22.170498	16.846087	29.99709	0
1	76	31.155193	22.695449	16.627771	29.521587	0
1	77	29.389424	22.436459	16.389132	31.784984	0
1	78	29.036039	22.2385	19.396425	29.329036	0
1	79	30.023502	21.269095	16.128085	32.579318	0
1	80	29.770318	22.879859	17.285041	30.064782	0
1	81	27.635075	19.515796	18.039563	34.809566	0
1	82	30.026651	22.120225	18.596387	29.256737	0
1	83	28.533254	22.327791	17.428741	31.710214	0
1	84	28.809524	20.714286	17.678571	32.797619	0
1	85	29.47494	23.120525	17.690931	29.713604	0
1	86	29.114303	20.466786	17.863555	32.555356	0
1	87	30.453045	20.492049	18.031803	31.023102	0
1	88	31.037594	21.052632	17.323308	30.586466	0
1	89	29.933615	21.333736	16.566083	32.166566	0
1	90	30.615338	22.461352	16.338284	30.585026	0
1	91	28.671329	20.76619	17.664944	32.897537	0
1	92	28.014616	21.528624	18.422655	32.034105	0
1	93	30.100948	22.698073	15.845824	31.355154	0
1	94	26.427256	22.252916	18.4469	32.872928	0
1	95	28.849121	21.7834	17.09349	32.27399	0
1	96	28.465347	23.236386	16.986386	31.311881	0
1	97	28.442648	22.008082	18.899596	30.649674	0
1	98	29.061428	23.479888	17.337075	30.121609	0
1	99	28.15047	22.570533	16.489028	32.789969	0
1	100	29.491206	21.890704	17.870603	30.747487	0
1	101	28.088468	22.369668	17.124803	32.417062	0
1	102	30.481622	20.81749	18.69455	30.006337	0
1	103	27.402928	22.278803	18.014004	32.304265	0
1	104	29.128074	21.814117	17.214947	31.842862	0
1	105	29.460847	22.015404	17.265725	31.258023	0
1	106	29.091495	23.775773	16.043814	31.088918	0
1	107	27.894908	21.764515	16.477457	33.86312	0
1	108	28.255208	22.526042	17.545573	31.673177	0
1	109	30.879948	22.734707	17.271835	29.11351	0
1	110	30.506246	23.898751	15.976331	29.618672	0
1	111	30.181818	21.983471	16.066116	31.768595	0
1	112	28.239203	21.92691	18.172757	31.66113	0
1	113	28.877005	22.794118	17.513369	30.815508	0
1	114	30.275538	22.311828	17.002688	30.409946	0
1	115	29.705982	20.378506	18.114228	31.801284	0
1	116	27.559322	22.101695	17.830508	32.508475	0
1	117	29.529973	20.776567	18.324251	31.36921	0
1	118	29.373502	20.917494	16.638138	33.070866	0
1	119	30.996564	21.752577	17.697595	29.553265	0
1	120	30.532503	21.887967	15.006916	32.572614	0
1	121	30.003481	22.137139	16.498434	31.360947	0
1	122	29.719298	20.947368	17.157895	32.175439	0
1	123	30.470131	20.749381	17.143867	31.636621	0
1	124	30.369844	21.692745	16.322902	31.614509	0
1	125	31.160458	21.131805	16.439828	31.267908	0
1	126	29.184704	21.861472	18.506494	30.44733	0
1	127	30.014535	22.202035	16.497093	31.286337	0
1	128	28.837719	21.673977	17.251462	32.236842	0
1	129	28.255256	23.681298	17.299889	30.763556	0
1	130	30.063174	22.11074	16.982534	30.843553	0
1	131	30.11236	21.123596	18.426966	30.337079	0
1	132	30.116849	21.447418	16.509612	31.926121	0
1	133	29.190422	22.424933	17.711897	30.672748	0
1	134	31.070196	21.365554	18.066743	29.497507	0
1	135	30.861336	20.2781	17.883353	30.977211	0
1	136	31.947143	20.520793	17.722503	29.809561	0
1	137	28.498827	21.540266	18.842846	31.118061	0
1	138	28.537736	22.916667	16.15566	32.389937	0
1	139	31.25	23.338608	16.376582	29.03481	0
1	140	30.342903	22.84689	16.427432	30.382775	0
1	141	29.662379	23.593248	17.202572	29.541801	0
1	142	32.873377	22.605519	15.625	28.896104	0
1	143	30.065359	21.854575	17.973856	30.106209	0
1	144	28.577303	22.450658	17.722039	31.25	0
1	145	28.137988	21.571072	18.038238	32.252702	0
1	146	30.775681	23.815514	16.016771	29.392034	0
1	147	29.292929	24.031987	16.919192	29.755892	0
1	148	30.654762	22.576531	16.19898	30.569728	0
1	149	31.429798	20.910262	16.874195	30.785745	0
1	150	28.577624	22.506505	17.085863	31.830009	0
1	151	30.453752	21.204188	18.150087	30.191972	0
1	152	30.339058	20.475561	18.405989	30.779392	0
1	153	29.270463	22.464413	17.660142	30.604982	0
1	154	30.031517	22.422332	17.919856	29.626294	0
1	155	31.04857	21.016795	17.15842	30.776214	0
1	156	29.180027	22.995877	16.903344	30.920751	0
1	157	33.240612	17.617061	15.623551	33.518776	0
1	158	28.798504	23.281907	16.783544	31.136045	0
1	159	28.321513	22.316785	17.446809	31.914894	0
1	160	29.875717	22.657744	17.208413	30.258126	0
1	161	29.758454	22.753623	17.149758	30.338164	0
1	162	29.549902	21.2818	17.563601	31.604697	0
1	163	31.454006	22.007913	17.111771	29.426311	0
1	164	30.234883	22.988506	17.741129	29.035482	0
1	165	30.450177	21.143146	15.730905	32.675771	0
1	166	27.899847	23.403168	18.650996	30.045989	0
1	167	28.497409	20.518135	16.943005	34.041451	0
1	168	29.310345	22.100313	17.816092	30.77325	0
1	169	29.666843	21.470122	16.657853	32.205182	0
1	170	28.29685	19.220502	18.95355	33.529098	0
1	171	28.671706	22.030238	18.25054	31.047516	0
1	172	27.805145	22.879037	17.460317	31.855501	0
1	173	27.127072	22.209945	17.569061	33.093923	0
1	174	29.113218	22.476297	16.17401	32.236475	0
1	175	29.700734	21.174478	18.068888	31.055901	0
1	176	29.58951	22.405929	17.160775	30.843786	0
1	177	30.830946	22.005731	17.30659	29.856734	0
1	178	28.546512	20.523256	17.848837	33.081395	0
1	179	29.498525	22.772861	17.758112	29.970501	0
1	180	27.641791	25.253731	14.925373	32.179104	0
1	181	29.866989	21.584039	17.170496	31.378476	0
1	182	29.907692	22.892308	18.092308	29.107692	0
1	183	31.53605	20.125392	14.796238	33.54232	0
1	184	28.598726	27.006369	16.942675	27.452229	0
1	185	29.67033	21.137686	18.293471	30.898513	0
1	186	27.536232	24.505929	18.445323	29.512516	0
1	187	30.254351	19.678715	16.666667	33.400268	0
1	188	28.909953	22.274882	17.941774	30.873392	0
1	189	31.550069	21.056241	18.312757	29.080933	0
1	190	28.850174	23.69338	18.675958	28.780488	0
1	191	30.352113	21.338028	14.788732	33.521127	0
1	192	26.33833	21.270521	17.630264	34.760885	0
1	193	31.936416	19.580925	17.268786	31.213873	0
1	194	28.079179	23.900293	17.008798	31.01173	0
1	195	29.28465	21.982116	16.989568	31.743666	0
1	196	30.007559	22.97808	17.082389	29.931973	0
1	197	27.88906	23.035439	16.640986	32.434515	0
1	198	28.28125	24.140625	16.875	30.703125	0
1	199	30.489731	20.93207	16.824645	31.753555	0
1	200	29.783827	21.216974	18.334668	30.664532	0
1	201	30.650407	22.113821	17.073171	30.162602	0
1	202	27.444536	23.664749	17.173377	31.717338	0
1	203	29.684909	21.558872	17.74461	31.011609	0
1	204	29.064869	20.893008	17.775906	32.266217	0
1	205	31.896552	20.431034	17.241379	30.431034	0
1	206	30.971129	22.047244	17.585302	29.396325	0
1	207	29.081178	21.76628	18.108831	31.043711	0
1	208	30.643699	22.937443	14.959202	31.459655	0
1	209	25.803489	21.854913	16.069789	36.271809	0
1	210	31.869159	21.028037	15.794393	31.308411	0
1	211	28.312679	23.06959	17.445186	31.172545	0
1	212	27.529183	19.552529	16.92607	35.992218	0
1	213	28.726555	23.395854	18.657453	29.220138	0
1	214	31.031031	21.321321	18.318318	29.329329	0
1	215	27.226721	22.57085	17.004049	33.198381	0
1	216	27.561475	20.79918	18.340164	33.29918	0
1	217	30.833333	23.125	17.8125	28.229167	0
1	218	30.453109	21.074816	19.178082	29.293994	0
1	219	30.49569	21.228448	14.87069	33.405172	0
1	220	32.45614	22.368421	17.434211	27.741228	0
1	221	28.603352	21.452514	17.094972	32.849162	0
1	222	30.102623	21.778791	16.647662	31.470924	0
1	223	30.404624	21.965318	18.49711	29.132948	0
1	224	33.333333	20.212766	17.49409	28.959811	0
1	225	31.407942	22.984356	17.448857	28.158845	0
1	226	29.756098	23.536585	16.097561	30.609756	0
1	227	29.739777	23.296159	18.587361	28.376704	0
1	228	27.067669	19.674185	19.924812	33.333333	0
1	229	29.62963	22.47765	16.219668	31.673052	0
1	230	30.196078	23.006536	17.385621	29.411765	0
1	231	29.773031	27.636849	15.754339	26.835781	0
1	232	31.010929	24.453552	16.393443	28.142077	0
1	233	27.871148	21.288515	17.787115	33.053221	0
1	234	28.22695	22.411348	16.879433	32.48227	0
1	235	27.417027	21.212121	19.336219	32.034632	0
1	236	28.550512	20.204978	15.959004	35.285505	0
1	237	29.835082	23.838081	19.04048	27.286357	0
1	238	29.663609	19.571865	18.960245	31.804281	0
1	239	27.570093	22.11838	16.82243	33.489097	0
1	240	26.198083	23.642173	15.335463	34.824281	0
1	241	30.273752	20.289855	19.806763	29.62963	0
1	242	27.438017	20.661157	18.181818	33.719008	0
1	243	28.333333	20	18.333333	33.333333	0
1	244	28.79046	21.124361	18.398637	31.686542	0
1	245	29.360967	19.689119	15.889465	35.060449	0
1	246	29.858657	22.261484	15.90106	31.978799	0
1	247	27.956989	22.580645	17.921147	31.541219	0
1	248	28.519196	24.131627	17.73309	29.616088	0
1	249	25.650558	20.63197	20.63197	33.085502	0
1	250	29.489603	21.361059	18.147448	31.00189	0
1	251	30.057803	20.423892	17.726397	31.791908	0
1	252	29.044834	19.493177	18.323587	33.138402	0
1	253	30.255403	21.218075	18.074656	30.451866	0
1	254	27.833002	18.88668	17.892644	35.387674	0
1	255	31.919192	24.646465	16.565657	26.868687	0
1	256	31.083845	21.676892	15.337423	31.90184	0
1	257	31.198347	20.454545	18.181818	30.165289	0
1	258	29.079498	23.430962	15.062762	32.426778	0
1	259	23.617021	28.723404	16.808511	30.851064	0
1	260	31.887202	19.956616	14.533623	33.62256	0
1	261	28.824834	25.055432	21.507761	24.611973	0
1	262	27.927928	21.396396	15.990991	34.684685	0
1	263	28.505747	22.068966	15.632184	33.793103	0
1	264	29.439252	24.299065	18.224299	28.037383	0
1	265	30.382775	22.966507	21.5311	25.119617	0
1	266	32.846715	19.708029	18.491484	28.953771	0
1	267	31.343284	20.646766	17.910448	30.099502	0
1	268	33.333333	21.717172	14.393939	30.555556	0
1	269	31.782946	25.581395	13.436693	29.198966	0
1	270	28.08399	24.934383	17.585302	29.396325	0
1	271	27.393617	22.606383	17.287234	32.712766	0
1	272	25.815217	24.184783	16.304348	33.695652	0
1	273	31.666667	20.833333	15.555556	31.944444	0
1	274	30.113636	21.590909	19.034091	29.261364	0
1	275	25.574713	24.425287	19.54023	30.45977	0
1	276	27.826087	24.347826	16.811594	31.014493	0
1	277	30.973451	21.238938	14.749263	33.038348	0
1	278	33.731343	21.791045	15.223881	29.253731	0
1	279	27.794562	22.356495	16.918429	32.930514	0
1	280	26.299694	24.770642	16.513761	32.415902	0
1	281	25.776398	28.26087	14.906832	31.055901	0
1	282	26.349206	24.761905	19.365079	29.52381	0
1	283	30.194805	25.974026	16.233766	27.597403	0
1	284	27.81457	24.172185	19.205298	28.807947	0
1	285	30.743243	25.675676	15.878378	27.702703	0
1	286	31.506849	21.575342	15.753425	31.164384	0
1	287	31.448763	27.561837	12.720848	28.268551	0
1	288	30.851064	21.631206	17.021277	30.496454	0
1	289	31.768953	23.465704	14.079422	30.685921	0
1	290	30.882353	21.691176	17.647059	29.779412	0
1	291	31.716418	23.507463	15.671642	29.104478	0
1	292	30.566038	22.264151	13.584906	33.584906	0
1	293	28.35249	24.521073	14.559387	32.56705	0
1	294	28.346457	21.259843	17.716535	32.677165	0
1	295	36.065574	20.491803	19.262295	24.180328	0
1	296	33.189655	21.12069	17.672414	28.017241	0
1	297	20.888889	26.222222	18.666667	34.222222	0
1	298	24.468085	23.404255	17.021277	35.106383	0
1	299	30.769231	20.32967	16.483516	32.417582	0
1	300	25.142857	18.857143	20.571429	35.428571	0
1	301	35.114504	15.267176	6.870229	42.748092	0
2	302	18.976487	34.190871	27.773167	19.059474	0
2	303	31.42462	19.751037	15.26971	33.554633	0
2	304	32.116183	19.7787	15.961272	32.143845	0
2	305	32.060858	20.940526	15.850622	31.147994	0
2	306	40.276625	12.30982	10.622407	36.791148	0
2	307	30.567082	19.529737	17.372061	32.53112	0
2	308	33.112033	20.165975	15.60166	31.120332	0
2	309	30.041494	20.414938	16.403873	33.139696	0
2	310	20.4426	30.926694	26.887967	21.742739	0
2	311	31.701245	18.478562	14.965422	34.854772	0
2	312	24.370678	26.832642	20.746888	28.049793	0
2	313	29.875519	22.295989	16.431535	31.396957	0
2	314	27.496542	24.61964	19.751037	28.13278	0
2	315	27.773167	24.702628	19.806362	27.717842	0
2	316	27.496542	23.62379	17.952974	30.926694	0
2	317	30.733057	22.074689	14.661134	32.53112	0
2	318	30.373444	21.742739	16.59751	31.286307	0
2	319	30.567082	23.208852	15.297372	30.926694	0
2	320	30.207469	21.217151	17.593361	30.982019	0
2	321	30.096819	23.236515	15.656985	31.009682	0
2	322	28.852006	23.430152	16.320885	31.396957	0
2	323	30.235131	20.248963	15.988935	33.526971	0
2	324	29.128631	22.074689	17.372061	31.42462	0
2	325	28.271093	22.102351	18.008299	31.618257	0
2	326	31.31397	21.825726	16.15491	30.705394	0
2	327	30.705394	23.042877	15.048409	31.20332	0
2	328	29.930844	21.549101	17.344398	31.175657	0
2	329	31.120332	21.355463	16.652835	30.871369	0
2	330	28.215768	23.098202	17.344398	31.341632	0
2	331	31.701245	21.300138	16.182573	30.816044	0
2	332	29.073306	22.130014	16.901798	31.894882	0
2	333	30.539419	23.236515	15.684647	30.539419	0
2	334	30.345781	22.932227	16.348548	30.373444	0
2	335	29.045643	21.798064	15.49101	33.665284	0
2	336	29.128631	22.434302	18.008299	30.428769	0
2	337	28.215768	22.102351	17.676349	32.005533	0
2	338	28.603043	21.687414	18.865837	30.843707	0
2	339	30.373444	20.6639	18.146611	30.816044	0
2	340	28.46473	21.383126	18.478562	31.673582	0
2	341	29.432918	21.493776	18.008299	31.065007	0
2	342	30.013831	21.383126	16.099585	32.503458	0
2	343	29.460581	21.134163	17.344398	32.060858	0
2	344	30.428769	20.885201	17.704011	30.982019	0
2	345	30.235131	21.466113	16.15491	32.143845	0
2	346	30.954357	22.213001	18.174274	28.658368	0
2	347	29.681881	19.806362	18.035961	32.475795	0
2	348	29.958506	21.493776	16.984786	31.562932	0
2	349	29.847856	22.047026	18.008299	30.096819	0
2	350	28.630705	20.525588	17.704011	33.139696	0
2	351	31.065007	22.323651	16.293223	30.318119	0
2	352	30.720222	21.32964	18.088643	29.861496	0
2	353	31.038312	19.378123	18.04553	31.538034	0
2	354	28.945901	20.914668	17.735639	32.403793	0
2	355	29.670022	20.329978	16.414989	33.585011	0
2	356	30.028011	23.94958	16.498599	29.52381	0
2	357	31.200898	21.689113	16.329966	30.780022	0
2	358	31.355456	22.412823	17.463442	28.768279	0
2	359	29.106791	22.7388	16.258101	31.896309	0
2	360	28.716502	23.441467	17.235543	30.606488	0
2	361	28.922816	21.996042	17.020074	32.061069	0
2	362	28.474192	21.355644	18.235961	31.934203	0
2	363	28.25777	22.697462	18.306245	30.738523	0
2	364	29.865676	21.491855	17.004859	31.637611	0
2	365	28.268956	24.206009	16.76681	30.758226	0
2	366	29.523262	21.022401	17.547387	31.90695	0
2	367	28.826751	21.158835	16.575382	33.439031	0
2	368	29.120879	21.139387	17.842684	31.89705	0
2	369	29.901392	21.635731	17.053364	31.409513	0
2	370	31.184364	22.345391	16.21937	30.250875	0
2	371	29.31338	22.887324	17.018779	30.780516	0
2	372	30.608028	21.458087	16.292798	31.641086	0
2	373	29.329775	22.093713	17.556346	31.020166	0
2	374	30.077427	20.845742	16.319238	32.757594	0
2	375	29.856545	22.265392	17.33413	30.543933	0
2	376	32.321106	20.384847	17.107637	30.18641	0
2	377	31.208459	19.607251	17.854985	31.329305	0
2	378	29.402849	21.855108	17.550773	31.19127	0
2	379	30.560634	22.181597	16.666667	30.591103	0
2	380	29.086465	22.395356	18.515124	30.003055	0
2	381	30.790526	22.33159	17.717625	29.160258	0
2	382	30.21316	20.605499	16.929255	32.252085	0
2	383	27.518657	22.232587	18.439055	31.809701	0
2	384	27.230047	23.442879	16.682316	32.644757	0
2	385	28.566919	22.09596	17.424242	31.912879	0
2	386	27.881867	22.070499	18.450302	31.597332	0
2	387	30.194702	20.71497	17.076285	32.014044	0
2	388	30.366324	20.854756	17.577121	31.201799	0
2	389	31.351002	20.555915	16.418875	31.674208	0
2	390	31.654209	23.009425	15.339617	29.99675	0
2	391	31.630648	21.185331	15.455141	31.72888	0
2	392	29.080119	22.848665	16.848005	31.223211	0
2	393	27.345045	21.942327	17.169374	33.543255	0
2	394	30.584307	20.100167	17.328881	31.986644	0
2	395	27.770316	22.364003	18.267293	31.598388	0
2	396	28.963415	22.96748	17.987805	30.081301	0
2	397	28.551959	22.078365	16.558773	32.810903	0
2	398	29.472241	23.303633	17.683345	29.540781	0
2	399	29.099068	24.09389	15.291681	31.515361	0
2	400	28.133705	23.01532	16.713092	32.137883	0
2	401	30.168185	21.653819	16.8185	31.359495	0
2	402	29.399293	21.872792	16.183746	32.54417	0
2	403	30.440967	21.01707	19.3101	29.231863	0
2	404	29.565841	21.456764	18.335127	30.642268	0
2	405	30.126582	21.121157	18.481013	30.271248	0
2	406	29.821363	21.509296	16.150201	32.51914	0
2	407	29.018021	22.949614	16.660537	31.371828	0
2	408	27.458256	23.079777	16.549165	32.912801	0
2	409	28.470149	20.932836	18.731343	31.865672	0
2	410	29.30775	21.783296	18.54778	30.361174	0
2	411	29.500756	22.276853	17.208775	31.013616	0
2	412	29.843332	19.755445	17.042415	33.358808	0
2	413	30.624037	21.687211	16.949153	30.739599	0
2	414	28.582524	23.92233	15.339806	32.15534	0
2	415	29.476153	22.439406	17.47459	30.609851	0
2	416	29.574132	21.687697	16.364353	32.373817	0
2	417	29.224652	22.743539	16.302187	31.729622	0
2	418	29.230152	21.772253	17.321572	31.676022	0
2	419	29.269277	20.710537	17.723052	32.297134	0
2	420	30.211726	20.439739	18.078176	31.270358	0
2	421	29.934211	21.792763	16.077303	32.195724	0
2	422	29.409318	21.921797	17.34609	31.322795	0
2	423	30.824222	19.848612	15.601346	33.72582	0
2	424	32	19.957447	17.319149	30.723404	0
2	425	29.672696	21.791559	17.44186	31.093885	0
2	426	31.843818	20.173536	17.266811	30.715835	0
2	427	29.434954	21.857205	18.134034	30.573806	0
2	428	31.87251	20.451527	16.777335	30.898628	0
2	429	28.195991	22.806236	17.461024	31.536748	0
2	430	29.324324	20.945946	18.333333	31.396396	0
2	431	27.272727	21.272727	17.863636	33.590909	0
2	432	30.179146	21.910887	17.041801	30.868167	0
2	433	30.893932	21.537749	17.276517	30.291802	0
2	434	30.689817	20.647583	18.582825	30.079775	0
2	435	31.751305	21.642145	17.370669	29.23588	0
2	436	29.462572	19.62572	16.698656	34.213052	0
2	437	29.531174	20.927985	18.124698	31.416143	0
2	438	32.050658	20.214321	17.681442	30.05358	0
2	439	28.578431	22.5	15.882353	33.039216	0
2	440	31.008902	22.106825	16.023739	30.860534	0
2	441	29.914957	23.861931	16.208104	30.015008	0
2	442	29.631499	21.756689	15.699142	32.91267	0
2	443	30.357143	22.346939	16.27551	31.020408	0
2	444	29.711637	21.421215	18.177137	30.69001	0
2	445	30.809129	20.954357	18.205394	30.03112	0
2	446	30.083857	20.178197	17.610063	32.127883	0
2	447	31.481481	22.275132	16.931217	29.312169	0
2	448	31.196581	23.504274	13.514957	31.784188	0
2	449	31.014024	20.873786	17.152104	30.960086	0
2	450	29.062159	20.883315	17.121047	32.933479	0
2	451	29.219701	22.689541	17.874931	30.215827	0
2	452	31.278027	20.067265	17.264574	31.390135	0
2	453	30.272109	21.825397	16.780045	31.122449	0
2	454	29.12844	21.502294	16.972477	32.396789	0
2	455	29.732869	22.880372	17.073171	30.313589	0
2	456	30.041152	21.281599	16.22575	32.451499	0
2	457	29.732938	23.264095	17.507418	29.495549	0
2	458	30.96813	20.024053	18.159952	30.847865	0
2	459	30.638298	20.364742	16.899696	32.097264	0
2	460	28.290283	21.402214	18.634686	31.672817	0
2	461	26.089664	23.163138	16.625156	34.122042	0
2	462	29.962073	23.57775	14.664981	31.795196	0
2	463	25.897436	22.564103	19.102564	32.435897	0
2	464	30.949285	19.895969	16.514954	32.639792	0
2	465	32.260184	22.404731	15.637319	29.697766	0
2	466	33.444593	20.293725	16.35514	29.906542	0
2	467	29.304524	24.442944	17.218096	29.034436	0
2	468	28.678987	23.956194	14.989733	32.375086	0
2	469	30.865052	20.83045	18.3391	29.965398	0
2	470	28.370787	23.876404	16.713483	31.039326	0
2	471	30.141844	22.553191	16.950355	30.35461	0
2	472	29.640288	21.079137	17.482014	31.798561	0
2	473	30.989011	21.758242	17.509158	29.74359	0
2	474	29.755736	20.947446	16.876388	32.420429	0
2	475	30.195783	22.816265	18.222892	28.76506	0
2	476	29.106188	20.473644	18.105424	32.314744	0
2	477	28.12983	24.034003	16.615147	31.22102	0
2	478	32.162373	20.686963	18.423107	28.727557	0
2	479	29.54726	19.698173	16.44162	34.312947	0
2	480	29.862793	21.146086	16.787732	32.20339	0
2	481	30.097879	21.288744	17.047308	31.566069	0
2	482	29.925187	23.773899	16.87448	29.426434	0
2	483	30.468085	22.808511	16.93617	29.787234	0
2	484	33.275261	20.644599	15.940767	30.139373	0
2	485	30.905861	22.824156	18.117229	28.152753	0
2	486	27.967626	21.672662	18.435252	31.92446	0
2	487	28.43952	21.975993	19.482918	30.10157	0
2	488	28.222013	21.072437	17.309501	33.396049	0
2	489	29.512894	21.967526	17.765043	30.754537	0
2	490	30.409357	22.612086	16.081871	30.896686	0
2	491	29.87013	22.477522	18.181818	29.470529	0
2	492	30.091185	22.289767	16.514691	31.104357	0
2	493	28.865979	20.412371	18.247423	32.474227	0
2	494	30.947368	20.526316	15.684211	32.842105	0
2	495	27.116827	24.008574	16.613076	32.261522	0
2	496	29.7593	21.991247	15.426696	32.822757	0
2	497	26.927374	25.027933	18.212291	29.832402	0
2	498	30.769231	19.977038	17.451206	31.802526	0
2	499	28.971963	22.546729	17.873832	30.607477	0
2	500	31.914894	20.330969	14.420804	33.333333	0
2	501	28.674699	20	17.710843	33.614458	0
2	502	30.37037	22.469136	16.17284	30.987654	0
2	503	30.200501	20.676692	15.66416	33.458647	0
2	504	29.949239	21.954315	16.497462	31.598985	0
2	505	29.715762	19.509044	19.896641	30.878553	0
2	506	28.8	22.4	17.2	31.6	0
2	507	28.629579	20.217096	16.41791	34.735414	0
2	508	32.773109	21.568627	18.067227	27.591036	0
2	509	27.089337	22.190202	15.273775	35.446686	0
2	510	30.307467	19.180088	18.887262	31.625183	0
2	511	30.597015	23.283582	18.507463	27.61194	0
2	512	30.214724	22.546012	16.104294	31.134969	0
2	513	27.201258	21.226415	17.924528	33.647799	0
2	514	29.695024	21.990369	14.767255	33.547352	0
2	515	32.736156	22.47557	15.14658	29.641694	0
2	516	28.595041	23.140496	16.528926	31.735537	0
2	517	27.334465	21.052632	17.996604	33.616299	0
2	518	30.956522	20.695652	16.695652	31.652174	0
2	519	34.767025	22.043011	18.996416	24.193548	0
2	520	30.726257	22.346369	16.387337	30.540037	0
2	521	26.235741	22.053232	19.201521	32.509506	0
2	522	29.571984	22.568093	17.120623	30.7393	0
2	523	33.333333	21.084337	15.863454	29.718876	0
2	524	27.835052	21.030928	18.14433	32.989691	0
2	525	26.980728	23.126338	15.631692	34.261242	0
2	526	27.937916	21.95122	14.634146	35.476718	0
2	527	28.082192	22.146119	16.438356	33.333333	0
2	528	29.620853	18.483412	16.350711	35.545024	0
2	529	28.365385	21.153846	16.586538	33.894231	0
2	530	28.39196	24.371859	13.819095	33.417085	0
2	531	30.38961	22.077922	17.402597	30.12987	0
2	532	30.213904	25.40107	17.647059	26.737968	0
2	533	30.958904	26.027397	17.260274	25.753425	0
2	534	32.951289	18.624642	14.613181	33.810888	0
2	535	24.561404	17.836257	22.51462	35.087719	0
2	536	28.915663	16.86747	14.156627	40.060241	0
2	537	31.90184	19.631902	18.09816	30.368098	0
2	538	32.154341	18.971061	16.398714	32.475884	0
2	539	29.09699	20.401338	17.391304	33.110368	0
2	540	25.510204	18.367347	20.748299	35.37415	0
2	541	27.208481	18.374558	17.667845	36.749117	0
2	542	32.481752	17.153285	16.058394	34.306569	0
2	543	30.534351	19.083969	11.450382	38.931298	0
2	544	31.889764	22.834646	20.07874	25.19685	0
2	545	30.864198	18.106996	17.283951	33.744856	0
2	546	32.635983	25.104603	16.736402	25.523013	0
2	547	28.138528	17.748918	17.316017	36.796537	0
2	548	30.769231	23.529412	14.932127	30.769231	0
2	549	28.240741	25	17.12963	29.62963	0
2	550	27.751196	14.354067	23.923445	33.971292	0
2	551	27	25.5	16.5	31	0
2	552	30.890052	20.942408	16.230366	31.937173	0
2	553	35.164835	18.131868	19.78022	26.923077	0
2	554	26.256983	22.346369	18.435754	32.960894	0
2	555	27.906977	19.767442	15.697674	36.627907	0
2	556	29.878049	25.609756	10.97561	32.926829	0.609756
2	557	33.742331	22.08589	14.110429	30.06135	0
2	558	28.66242	23.566879	15.923567	31.847134	0
2	559	26.315789	23.026316	19.078947	31.578947	0
2	560	29.72973	22.297297	18.918919	29.054054	0
2	561	23.611111	22.916667	20.833333	32.638889	0
2	562	29.496403	15.827338	16.546763	38.129496	0
2	563	30.30303	22.727273	15.909091	31.060606	0
2	564	30.645161	20.16129	15.322581	33.870968	0
2	565	28.813559	22.881356	14.40678	33.898305	0
2	566	32.110092	24.770642	12.844037	30.275229	0
2	567	32.71028	14.953271	18.691589	33.64486	0
2	568	37.142857	23.809524	14.285714	24.761905	0
2	569	37	21	9	33	0
2	570	36.458333	22.916667	18.75	21.875	0
2	571	36.956522	11.956522	11.956522	39.130435	0
2	572	31.818182	27.272727	13.636364	27.272727	0
2	573	31.325301	12.048193	18.072289	38.554217	0
2	574	26.315789	21.052632	15.789474	36.842105	0
2	575	33.333333	13.888889	25	27.777778	0
2	576	28.571429	27.142857	21.428571	22.857143	0
2	577	28.985507	21.73913	10.144928	39.130435	0
2	578	28.787879	16.666667	18.181818	36.363636	0
2	579	31.746032	31.746032	14.285714	22.222222	0
2	580	36.666667	21.666667	11.666667	30	0
2	581	33.928571	26.785714	19.642857	19.642857	0
2	582	23.529412	27.45098	11.764706	37.254902	0
2	583	28	24	12	36	0
2	584	35.416667	27.083333	8.333333	29.166667	0
2	585	47.727273	29.545455	6.818182	15.909091	0
2	586	27.906977	37.209302	16.27907	18.604651	0
2	587	24.390244	21.95122	9.756098	43.902439	0
2	588	28.947368	21.052632	13.157895	36.842105	0
2	589	36.842105	23.684211	13.157895	26.315789	0
2	590	27.777778	19.444444	27.777778	25	0
2	591	36.363636	18.181818	9.090909	36.363636	0
2	592	39.285714	25	10.714286	25	0
2	593	33.333333	18.518519	11.111111	37.037037	0
2	594	28.571429	14.285714	19.047619	38.095238	0
2	595	40	15	5	40	0
2	596	26.315789	21.052632	15.789474	36.842105	0
2	597	28.571429	14.285714	21.428571	35.714286	0
2	598	22.222222	44.444444	0	33.333333	0
2	599	14.285714	28.571429	0	57.142857	0
2	600	28.571429	0	0	71.428571	0
2	601	71.428571	14.285714	0	14.285714	0
2	602	71.428571	0	0	28.571429	0


