## htsjdk.samtools.metrics.StringHeader
# CollectMultipleMetrics --INPUT 20IRR0008-Mseq.sorted.bam --OUTPUT 20IRR0008-Mseq.CollectMultipleMetrics --TMP_DIR tmp --VALIDATION_STRINGENCY LENIENT --REFERENCE_SEQUENCE KM821911.1.fa --ASSUME_SORTED true --STOP_AFTER 0 --METRIC_ACCUMULATION_LEVEL ALL_READS --PROGRAM CollectAlignmentSummaryMetrics --PROGRAM CollectBaseDistributionByCycle --PROGRAM CollectInsertSizeMetrics --PROGRAM MeanQualityByCycle --PROGRAM QualityScoreDistribution --INCLUDE_UNPAIRED false --VERBOSITY INFO --QUIET false --COMPRESSION_LEVEL 5 --MAX_RECORDS_IN_RAM 500000 --CREATE_INDEX false --CREATE_MD5_FILE false --GA4GH_CLIENT_SECRETS client_secrets.json --help false --version false --showHidden false --USE_JDK_DEFLATER false --USE_JDK_INFLATER false
## htsjdk.samtools.metrics.StringHeader
# Started on: Fri Nov 18 17:23:26 CET 2022

## METRICS CLASS	picard.analysis.BaseDistributionByCycleMetrics
READ_END	CYCLE	PCT_A	PCT_C	PCT_G	PCT_T	PCT_N
1	1	17.535106	34.553264	28.933697	18.977933	0
1	2	32.948408	19.358572	15.215267	32.477753	0
1	3	31.878504	21.025153	15.631912	31.464431	0
1	4	31.148089	21.434083	17.025873	30.391955	0
1	5	37.770691	13.414948	9.953192	38.86117	0
1	6	29.988169	21.917597	16.555218	31.539015	0
1	7	31.562162	21.305488	16.228589	30.90376	0
1	8	30.206779	21.002006	16.02541	32.765804	0
1	9	20.029834	31.839926	26.616429	21.513811	0
1	10	32.048249	17.838589	15.39787	34.715292	0
1	11	25.371637	27.210534	20.659945	26.757883	0
1	12	31.240677	20.449051	17.046448	31.263824	0
1	13	26.282084	24.985855	19.528316	29.203745	0
1	14	26.035183	25.832005	21.9356	26.197212	0
1	15	29.064863	22.367677	18.106065	30.461396	0
1	16	29.900725	22.694306	16.665809	30.73916	0
1	17	29.175454	22.933491	17.609691	30.281364	0
1	18	31.304974	21.768428	16.467774	30.458824	0
1	19	29.242323	21.439226	18.219227	31.099223	0
1	20	29.468649	22.128491	16.866416	31.536444	0
1	21	27.899799	23.512165	17.879739	30.708297	0
1	22	30.271077	21.547246	16.562934	31.618744	0
1	23	29.334911	22.064194	17.360218	31.240677	0
1	24	28.339592	21.503523	18.108636	32.048249	0
1	25	29.646109	22.077054	17.123605	31.153233	0
1	26	29.329767	22.681446	16.835554	31.153233	0
1	27	30.217067	21.354354	17.367934	31.060645	0
1	28	29.859575	20.917134	17.563397	31.659894	0
1	29	28.537627	22.218507	18.424978	30.818888	0
1	30	29.692403	20.526207	18.538141	31.243249	0
1	31	29.311764	21.256623	19.091096	30.340517	0
1	32	29.095726	21.84044	17.931176	31.132658	0
1	33	30.435677	22.169641	17.81287	29.581812	0
1	34	29.22432	20.981431	16.827838	32.966411	0
1	35	28.599352	22.990073	19.037087	29.373489	0
1	36	30.191348	21.673268	17.218764	30.91662	0
1	37	29.669256	21.886734	18.718173	29.725837	0
1	38	29.769559	20.834834	18.965074	30.430533	0
1	39	29.754128	22.128491	17.946608	30.170773	0
1	40	29.875006	21.52667	17.926033	30.672291	0
1	41	28.82825	21.511239	17.769148	31.891364	0
1	42	28.640502	21.120313	18.556144	31.683041	0
1	43	29.941875	21.632118	18.715601	29.710406	0
1	44	28.55563	21.26691	18.16779	32.00967	0
1	45	30.546268	21.40322	18.947071	29.103441	0
1	46	30.46654	20.901703	17.380793	31.250964	0
1	47	29.352914	22.087341	18.674451	29.885294	0
1	48	29.957307	21.98961	18.381256	29.671828	0
1	49	29.450646	20.989147	18.355537	31.204671	0
1	50	30.127051	23.031223	17.208477	29.633249	0
1	51	30.053308	22.536118	17.957302	29.453272	0
1	52	28.736403	21.405372	19.546837	30.311388	0
1	53	30.087217	20.735924	17.546576	31.630283	0
1	54	29.720515	22.252932	17.417472	30.609082	0
1	55	30.89494	22.041217	16.869651	30.194192	0
1	56	29.77115	22.745159	17.56239	29.921301	0
1	57	30.727965	21.590173	17.936092	29.745769	0
1	58	29.847687	22.857365	17.107346	30.187602	0
1	59	29.885177	22.229438	17.771601	30.113784	0
1	60	28.30493	22.534149	18.040848	31.120073	0
1	61	28.828007	20.898285	18.23419	32.039518	0
1	62	29.085974	21.955421	17.943833	31.014773	0
1	63	29.483458	21.788937	18.150909	30.576697	0
1	64	29.046621	22.569408	18.271346	30.112624	0
1	65	29.092244	22.133921	18.115771	30.658064	0
1	66	28.902965	21.945963	16.715728	32.435345	0
1	67	29.472631	21.989942	17.674627	30.8628	0
1	68	28.764774	22.586007	17.161777	31.487442	0
1	69	31.481286	20.746987	17.323959	30.447769	0
1	70	29.777319	22.808272	17.888633	29.525776	0
1	71	28.499801	21.631516	17.928107	31.940576	0
1	72	28.042426	21.455154	19.0361	31.466319	0
1	73	28.889777	21.721978	17.950153	31.438091	0
1	74	28.655346	21.897362	18.076471	31.370821	0
1	75	30.749873	20.624849	18.815088	29.810189	0
1	76	29.912582	20.956237	17.491687	31.639494	0
1	77	29.586928	22.233868	17.657018	30.522185	0
1	78	30.223096	21.598319	18.273428	29.905157	0
1	79	30.43126	20.258702	17.952526	31.357511	0
1	80	29.310671	22.752984	18.084387	29.851958	0
1	81	29.461088	21.309563	17.931184	31.298166	0
1	82	27.938537	21.656242	18.923035	31.482187	0
1	83	27.714029	22.791572	18.694977	30.799422	0
1	84	27.792201	20.968491	18.853333	32.385975	0
1	85	29.66536	21.706361	18.69707	29.931208	0
1	86	29.887048	22.021601	17.750845	30.340506	0
1	87	30.076327	20.39073	18.977157	30.555785	0
1	88	30.547192	20.575643	17.896307	30.980858	0
1	89	30.075313	22.089932	17.222284	30.612471	0
1	90	30.517227	21.757961	16.93273	30.792082	0
1	91	29.822999	21.785595	17.391183	31.000223	0
1	92	28.117148	21.718131	18.644257	31.520465	0
1	93	29.824414	21.291551	18.233499	30.650536	0
1	94	28.85874	21.867363	18.78318	30.490717	0
1	95	28.802525	22.822197	17.98326	30.392019	0
1	96	29.413593	21.856719	17.007206	31.722481	0
1	97	28.118094	22.598742	18.940896	30.342268	0
1	98	30.00796	22.502417	17.399215	30.090408	0
1	99	29.212042	21.178516	17.629283	31.980159	0
1	100	30.078907	21.802276	18.706044	29.412774	0
1	101	29.363691	21.827775	17.474837	31.333697	0
1	102	29.233645	21.78289	19.430625	29.55284	0
1	103	29.423987	22.815422	17.719035	30.041556	0
1	104	28.887537	21.0444	18.594144	31.473919	0
1	105	29.57083	22.29879	18.603164	29.527216	0
1	106	30.628318	22.151566	16.577213	30.642903	0
1	107	28.176844	21.848026	18.974749	31.00038	0
1	108	29.296726	22.087799	18.716782	29.898693	0
1	109	29.049472	22.521965	18.002241	30.426322	0
1	110	28.325685	23.34567	17.566247	30.762398	0
1	111	28.503033	22.585346	17.036398	31.875223	0
1	112	28.563321	21.033453	18.733572	31.669654	0
1	113	28.525583	23.69084	17.329494	30.454082	0
1	114	29.961148	22.02813	17.332771	30.677951	0
1	115	28.202339	22.119481	18.48125	31.19693	0
1	116	29.103821	21.022124	17.604929	32.269127	0
1	117	28.824462	21.544418	18.727517	30.903603	0
1	118	29.782416	21.544205	16.604951	32.068427	0
1	119	30.482631	22.339379	17.356287	29.821703	0
1	120	28.952158	22.289398	17.625467	31.132978	0
1	121	30.446503	20.744895	17.822948	30.985654	0
1	122	29.911604	21.196464	17.542331	31.349602	0
1	123	28.365114	21.844326	18.658956	31.131604	0
1	124	29.211436	21.002199	18.463713	31.322652	0
1	125	30.094083	22.008587	17.910589	29.98674	0
1	126	29.081438	20.559649	17.983738	32.375175	0
1	127	30.378051	21.735524	17.77955	30.106875	0
1	128	28.75004	22.31911	18.369506	30.561344	0
1	129	28.882088	21.971649	18.472938	30.673325	0
1	130	28.548773	22.075863	18.451032	30.924332	0
1	131	29.110547	21.722298	18.176199	30.990956	0
1	132	30.33763	21.28836	17.840084	30.533927	0
1	133	28.970641	21.359766	19.025545	30.644048	0
1	134	30.292116	21.036283	18.158086	30.513515	0
1	135	29.550364	20.757037	17.792695	31.899904	0
1	136	29.520308	22.289821	18.091259	30.098613	0
1	137	29.720821	22.603431	18.160108	29.515641	0
1	138	28.581093	22.34737	17.08439	31.987147	0
1	139	30.313648	22.64934	17.209824	29.827187	0
1	140	29.038771	22.725251	17.845533	30.390446	0
1	141	28.573396	22.292621	18.167418	30.966565	0
1	142	30.615283	20.986115	17.333195	31.065406	0
1	143	29.118334	21.736859	18.967499	30.177309	0
1	144	29.388256	22.485539	18.503067	29.623138	0
1	145	29.086547	21.920756	17.697491	31.295205	0
1	146	28.912712	22.867488	17.283731	30.936069	0
1	147	29.825689	21.878125	17.941849	30.354336	0
1	148	29.329117	21.980668	18.211219	30.478997	0
1	149	29.742143	21.514593	17.612383	31.130881	0
1	150	29.734649	21.799585	16.707313	31.758454	0
1	151	31.04459	21.536658	17.363427	30.055326	0
1	152	29.152517	21.142773	17.853979	31.850731	0
1	153	29.673921	22.420709	17.336403	30.568967	0
1	154	29.633093	22.321128	17.365449	30.680331	0
1	155	28.848471	21.671185	17.49887	31.981473	0
1	156	28.8845	22.86832	18.20806	30.03912	0
1	157	30.197925	20.787872	16.978676	32.035527	0
1	158	28.581885	23.511962	17.987441	29.918712	0
1	159	29.214619	21.714619	17.764386	31.306376	0
1	160	28.644671	22.304411	17.56487	31.486048	0
1	161	28.544394	22.015455	17.6786	31.761552	0
1	162	29.164515	21.298319	17.877716	31.659449	0
1	163	29.378847	21.272684	18.466704	30.881765	0
1	164	29.822514	22.56208	17.692277	29.92313	0
1	165	30.567845	20.262207	18.796931	30.373016	0
1	166	30.008187	22.476463	17.486697	30.028653	0
1	167	29.33014	21.834476	17.01495	31.820434	0
1	168	29.555094	22.087318	17.970894	30.386694	0
1	169	27.997321	21.299397	18.775117	31.928165	0
1	170	28.244371	21.903196	18.058015	31.794418	0
1	171	29.511542	21.821196	18.194958	30.472304	0
1	172	28.564076	21.17859	18.159204	32.09813	0
1	173	28.921547	21.551761	18.003026	31.523665	0
1	174	28.821684	22.211086	17.243333	31.723898	0
1	175	29.944596	20.640225	17.905197	31.509982	0
1	176	29.24407	22.558191	17.792064	30.405675	0
1	177	28.12668	21.474646	18.321089	32.077585	0
1	178	30.058797	20.606061	17.951153	31.383989	0
1	179	28.428689	21.803997	17.670408	32.096907	0
1	180	30.36372	21.247698	16.367403	32.021179	0
1	181	29.33575	22.065728	17.68698	30.911542	0
1	182	29.513432	22.910013	17.809506	29.767049	0
1	183	29.448901	21.578772	16.846252	32.126074	0
1	184	29.694763	22.909579	17.322344	30.073314	0
1	185	29.522011	20.775824	17.908858	31.793307	0
1	186	29.303599	22.422731	18.945618	29.328052	0
1	187	29.0463	20.889395	18.500198	31.564108	0
1	188	29.678677	21.588127	17.605317	31.12788	0
1	189	29.995455	22.880372	17.739736	29.384437	0
1	190	28.06445	22.165001	19.146441	30.624108	0
1	191	29.446304	20.973474	18.212722	31.367499	0
1	192	29.18118	21.996361	17.530543	31.291916	0
1	193	29.237955	21.465309	17.676079	31.620657	0
1	194	27.800478	22.637304	19.007694	30.554524	0
1	195	27.825154	21.292572	19.774739	31.107536	0
1	196	29.369985	22.560182	16.883539	31.186294	0
1	197	29.080037	23.319985	17.356959	30.243019	0
1	198	28.928512	22.024107	17.797034	31.250347	0
1	199	29.276112	21.519771	18.122504	31.081613	0
1	200	30.095759	20.833333	18.73005	30.340857	0
1	201	28.770596	22.468026	18.435304	30.326074	0
1	202	30.387705	20.322506	18.296659	30.993131	0
1	203	27.888235	22.141176	18.535294	31.435294	0
1	204	29.420868	21.171359	18.844116	30.563657	0
1	205	28.845227	20.750964	18.743973	31.659836	0
1	206	29.550986	22.426381	17.078365	30.944269	0
1	207	29.657044	20.904268	18.770047	30.668641	0
1	208	29.208507	21.486933	18.611614	30.692946	0
1	209	28.048704	20.787332	17.759132	33.404833	0
1	210	28.959478	20.829605	17.793685	32.417231	0
1	211	29.164239	22.004273	17.615071	31.216417	0
1	212	29.432206	20.830055	17.938631	31.799108	0
1	213	27.293273	22.361074	18.798192	31.547461	0
1	214	30.959752	22.062189	17.519182	29.458877	0
1	215	28.302915	21.233996	18.516753	31.946336	0
1	216	29.433676	22.480513	17.803684	30.282127	0
1	217	30.002797	21.703258	16.913718	31.380227	0
1	218	29.953982	22.329204	16.863717	30.853097	0
1	219	29.090258	21.984241	16.955587	31.969914	0
1	220	29.145802	21.677916	18.208869	30.967414	0
1	221	28.72575	23.089359	18.981481	29.20341	0
1	222	29.275924	22.333135	18.049762	30.34118	0
1	223	29.183935	22.598146	17.881094	30.336825	0
1	224	28.523336	23.764346	17.689365	30.022953	0
1	225	29.144053	21.584742	18.685067	30.586137	0
1	226	31.921236	22.099317	16.537224	29.442222	0
1	227	28.300087	22.26814	17.865374	31.566399	0
1	228	28.615137	22.020934	18.848631	30.515298	0
1	229	29.510341	21.932478	17.534538	31.022644	0
1	230	28.933842	23.031006	17.915769	30.119383	0
1	231	29.886507	22.715427	16.872636	30.525431	0
1	232	29.053421	21.990287	18.522621	30.433671	0
1	233	29.566871	21.820697	16.88424	31.728192	0
1	234	28.148343	21.645136	20.001758	30.204763	0
1	235	29.799197	20.687193	17.93842	31.57519	0
1	236	28.988397	22.534445	17.005076	31.472081	0
1	237	28.749885	21.925232	17.663268	31.661615	0
1	238	29.897388	21.13806	17.052239	31.912313	0
1	239	29.223614	20.994685	18.280182	31.501519	0
1	240	29.315147	20.824128	18.778215	31.082509	0
1	241	30.500195	20.603751	17.330989	31.565064	0
1	242	28.096467	22.379913	18.48948	31.034141	0
1	243	31.659102	20.89763	17.286939	30.156329	0
1	244	30.976982	20.143223	17.892583	30.987212	0
1	245	30.60439	21.262873	17.996463	30.136274	0
1	246	30.526205	21.344041	17.624683	30.505072	0
1	247	30.689249	20.999035	17.622468	30.689249	0
1	248	29.922633	21.259671	17.598344	31.219353	0
1	249	30.045339	20.34723	18.788013	30.819418	0
1	250	29.62963	21.257015	18.024691	31.088664	0
1	251	29.321937	21.264957	17.424501	31.988604	0
1	252	28.413156	22.965955	18.926717	29.694172	0
1	253	29.901616	20.660576	18.552354	30.885453	0
1	254	27.625951	22.160171	18.999525	31.214354	0
1	255	29.373415	21.936496	18.664735	30.025353	0
1	256	29.113614	21.841332	18.547992	30.497062	0
1	257	30.685786	21.583541	16.608479	31.122195	0
1	258	29.908676	22.526636	17.706748	29.85794	0
1	259	30.22056	20.985425	17.773765	31.02025	0
1	260	28.48366	21.346405	19.542484	30.627451	0
1	261	30.163368	21.038651	19.179174	29.618807	0
1	262	27.812247	21.499865	19.018074	31.669814	0
1	263	29.163237	21.961591	18.24417	30.631001	0
1	264	29.661135	19.843815	18.909497	31.585553	0
1	265	29.957447	21.460993	17.829787	30.751773	0
1	266	29.384638	23.245424	18.08618	29.283758	0
1	267	29.991205	21.020229	17.238347	31.75022	0
1	268	30.368828	23.007139	16.894706	29.729328	0
1	269	29.468892	21.805766	17.37481	31.350531	0
1	270	29.050623	20.187721	19.47992	31.281736	0
1	271	30.873635	20.187207	18.00312	30.936037	0
1	272	28.666245	21.823641	17.430468	32.079646	0
1	273	30.90529	20.855443	17.044541	31.194726	0
1	274	30.006534	20.891865	17.134923	31.966678	0
1	275	28.531073	23.479561	17.181788	30.807577	0
1	276	28.921155	22.11717	18.149586	30.812088	0
1	277	31.597043	21.48874	17.173801	29.740416	0
1	278	29.552604	22.631947	18.332751	29.482698	0
1	279	31.964444	20.568889	16.764444	30.702222	0
1	280	27.970386	21.975442	18.255688	31.798483	0
1	281	28.888075	22.86133	16.083532	32.167064	0
1	282	28.502326	22.548837	18.753488	30.195349	0
1	283	30.308771	20.250047	17.863232	31.57795	0
1	284	31.659935	22.677438	16.253126	29.409502	0
1	285	29.76307	23.223027	17.779518	29.234384	0
1	286	31.2	21.04	16.02	31.74	0
1	287	27.367347	21.918367	18.387755	32.326531	0
1	288	29.076087	21.488294	18.561873	30.873746	0
1	289	30.795406	20.9698	15.780519	32.454275	0
1	290	29.263021	21.806786	19.256538	29.673655	0
1	291	28.071334	20.607662	18.185821	33.135183	0
1	292	30.668768	21.391578	17.833821	30.105832	0
1	293	28.368959	22.002788	17.170074	32.458178	0
1	294	30.055169	21.995682	16.502758	31.44639	0
1	295	30.575629	20.857214	18.141042	30.426115	0
1	296	28.701535	22.846734	17.330211	31.12152	0
1	297	29.318801	21.035422	17.547684	32.098093	0
1	298	31.229125	20.841683	16.366065	31.563126	0
1	299	27.922971	22.730399	17.709766	31.636864	0
1	300	30.789775	20.183136	15.795498	33.231591	0
1	301	35.991714	13.41274	8.544795	42.050751	0
2	302	18.148577	34.116132	29.102614	18.632677	0
2	303	31.932535	19.472126	15.272306	33.323033	0
2	304	31.78061	20.875499	15.76928	31.574611	0
2	305	30.524012	21.619673	15.777005	32.07931	0
2	306	38.879876	13.142784	9.839063	38.138277	0
2	307	30.807261	21.158749	16.915154	31.118836	0
2	308	31.63126	21.423973	16.189005	30.755762	0
2	309	31.373761	20.556199	15.93923	32.13081	0
2	310	19.369126	31.798635	26.816016	22.016222	0
2	311	31.783185	18.030127	14.847431	35.339256	0
2	312	25.819493	25.917343	21.225698	27.037466	0
2	313	31.044161	20.427449	16.948629	31.579761	0
2	314	26.293292	24.768894	19.554526	29.383288	0
2	315	26.267542	26.156817	21.362173	26.213467	0
2	316	29.622763	22.497747	17.857603	30.021887	0
2	317	30.163512	22.587872	16.575254	30.673362	0
2	318	29.684563	22.129522	17.260203	30.925711	0
2	319	30.943736	21.650573	16.516029	30.889661	0
2	320	29.233938	21.524398	18.230977	31.010686	0
2	321	29.978113	22.284022	16.917729	30.820136	0
2	322	28.561864	22.739797	18.053302	30.645037	0
2	323	30.016737	21.042874	16.768379	32.17201	0
2	324	29.179864	21.642848	17.574353	31.602935	0
2	325	28.19879	21.266898	18.537402	31.99691	0
2	326	29.494013	22.044547	17.257628	31.203811	0
2	327	29.563538	22.894296	16.794129	30.748037	0
2	328	29.877688	21.599073	17.605253	30.917986	0
2	329	30.047637	20.939874	17.319428	31.69306	0
2	330	28.33269	22.054847	18.133127	31.479336	0
2	331	29.416763	20.744174	18.511652	31.327411	0
2	332	29.434788	21.454873	19.188876	29.921463	0
2	333	29.429638	21.506373	18.079052	30.984936	0
2	334	30.181537	22.106347	18.223252	29.488863	0
2	335	28.979014	20.872924	17.443028	32.705034	0
2	336	28.487189	22.809321	19.152826	29.550663	0
2	337	29.396163	22.165572	17.419853	31.018411	0
2	338	29.965238	21.539848	18.385477	30.109437	0
2	339	29.612463	20.538174	18.601777	31.247586	0
2	340	29.962663	21.405948	17.849878	30.781512	0
2	341	29.872538	20.872924	17.988928	31.265611	0
2	342	29.161839	21.483198	17.777778	31.577186	0
2	343	28.561864	21.081499	18.503927	31.85271	0
2	344	30.274237	21.277198	18.642977	29.805588	0
2	345	29.022789	20.718424	17.963178	32.29561	0
2	346	30.735162	21.220548	18.715077	29.329213	0
2	347	30.408137	20.803399	17.582078	31.206386	0
2	348	29.429638	22.371572	18.470452	29.728338	0
2	349	30.016737	22.309772	17.934853	29.738638	0
2	350	29.782413	20.803399	18.094502	31.319686	0
2	351	30.379812	22.657397	17.123729	29.839063	0
2	352	29.587416	22.331099	18.192367	29.889118	0
2	353	28.69976	21.092439	19.223522	30.984279	0
2	354	29.476677	21.0544	17.320067	32.148856	0
2	355	29.642663	21.986183	17.297591	31.073563	0
2	356	30.753686	22.172708	17.037594	30.036013	0
2	357	29.442599	22.986299	17.150197	30.420905	0
2	358	30.322011	21.948177	17.854822	29.87499	0
2	359	29.877128	22.470974	17.100536	30.551361	0
2	360	29.943945	21.944988	17.570069	30.540999	0
2	361	28.366942	22.390555	18.255668	30.986835	0
2	362	28.51231	21.086957	17.865375	32.535359	0
2	363	29.38738	22.209104	17.840745	30.562771	0
2	364	29.76557	21.164522	17.930907	31.139001	0
2	365	29.035065	22.238334	18.194042	30.53256	0
2	366	29.204428	21.774513	17.96972	31.051338	0
2	367	29.047733	21.86796	16.567279	32.517028	0
2	368	29.677454	22.373665	17.450449	30.498432	0
2	369	29.292014	22.342722	17.032162	31.333102	0
2	370	31.029506	20.488561	17.64753	30.834402	0
2	371	29.224956	22.318701	17.714531	30.741813	0
2	372	28.851428	21.740066	17.774372	31.634135	0
2	373	28.212185	21.326426	18.908855	31.552534	0
2	374	28.96862	21.765758	17.901469	31.364154	0
2	375	28.74341	22.099027	18.155878	31.001685	0
2	376	30.408096	20.704894	18.517104	30.369906	0
2	377	29.87965	21.184354	17.458972	31.477024	0
2	378	29.460535	21.811942	18.105697	30.621826	0
2	379	30.016259	21.321685	18.72847	29.933585	0
2	380	29.837081	20.352391	18.114679	31.695848	0
2	381	29.622531	22.042608	17.931839	30.403022	0
2	382	29.163411	20.990066	18.367005	31.479518	0
2	383	27.959761	21.873511	18.718301	31.448427	0
2	384	28.145667	22.393268	18.686854	30.77421	0
2	385	27.614956	20.950739	18.802815	32.63149	0
2	386	30.089752	21.728016	18.456033	29.726199	0
2	387	30.093015	21.610363	17.732824	30.563798	0
2	388	29.716873	20.008024	19.085282	31.189821	0
2	389	30.435033	20.90862	17.841524	30.814823	0
2	390	29.876921	21.446319	17.595054	31.081706	0
2	391	30.314903	21.622406	17.126687	30.936003	0
2	392	30.357039	21.553585	16.807654	31.281722	0
2	393	28.390788	21.654687	18.606425	31.3481	0
2	394	29.709247	21.31104	18.132225	30.847488	0
2	395	29.091448	21.431747	18.835038	30.641767	0
2	396	28.935599	22.793679	18.178295	30.092427	0
2	397	28.678476	21.736654	17.56137	32.023499	0
2	398	28.833062	22.290499	18.60353	30.272908	0
2	399	30.206407	22.541145	17.030885	30.221562	0
2	400	29.587513	21.023749	18.100058	31.28868	0
2	401	30.064057	22.104392	18.79425	29.0373	0
2	402	29.970116	21.300718	16.966019	31.763147	0
2	403	28.875879	21.593408	19.52111	30.009603	0
2	404	29.344676	22.171325	17.54386	30.940139	0
2	405	28.855441	20.639699	18.557542	31.947319	0
2	406	29.331355	22.086122	18.929158	29.653365	0
2	407	30.371264	22.078953	16.543335	31.006447	0
2	408	28.52034	22.038444	19.052941	30.388275	0
2	409	29.531215	21.501783	18.732127	30.234875	0
2	410	28.795083	22.341905	18.110949	30.752062	0
2	411	28.980975	22.49153	17.373599	31.153896	0
2	412	28.924046	22.155846	16.648067	32.272041	0
2	413	28.806326	20.631245	18.537021	32.025409	0
2	414	29.460567	22.826775	17.572385	30.140273	0
2	415	30.260151	22.075827	17.108094	30.555929	0
2	416	28.230717	22.699594	18.453992	30.615697	0
2	417	29.266962	20.65121	17.078077	33.00375	0
2	418	28.609231	21.667411	18.272106	31.451253	0
2	419	29.578488	21.297065	16.68397	32.440476	0
2	420	30.486189	22.373744	17.333984	29.806083	0
2	421	28.636635	22.576454	17.158808	31.628103	0
2	422	30.225889	21.048718	17.589577	31.135816	0
2	423	29.721141	20.91977	17.941943	31.417146	0
2	424	28.586338	21.503635	19.070755	30.839272	0
2	425	29.311159	21.623879	18.330368	30.734595	0
2	426	29.845827	21.785623	17.958765	30.409785	0
2	427	29.369802	20.12567	18.211052	32.293476	0
2	428	30.542826	21.672069	17.950151	29.834954	0
2	429	29.15384	22.73444	18.323448	29.788272	0
2	430	29.602574	21.873581	17.755488	30.768357	0
2	431	29.196691	21.769797	18.429982	30.60353	0
2	432	29.276923	21.788462	18.538462	30.396154	0
2	433	30.957459	21.506961	17.826812	29.708768	0
2	434	29.207243	21.928898	18.455943	30.407916	0
2	435	30.606777	20.539795	17.762017	31.091411	0
2	436	28.971517	20.605411	18.599293	31.823779	0
2	437	29.437905	21.823204	18.151974	30.586916	0
2	438	29.821869	21.88068	18.528093	29.769358	0
2	439	28.809766	22.750763	17.057986	31.381485	0
2	440	30.158665	22.983887	17.846747	29.010701	0
2	441	29.029327	22.35853	17.856258	30.755886	0
2	442	29.201549	22.341622	17.655879	30.80095	0
2	443	31.578506	20.965645	17.009942	30.445908	0
2	444	28.88964	21.678854	18.741282	30.690224	0
2	445	29.500511	22.438629	18.441016	29.619843	0
2	446	29.364261	21.142612	18.311856	31.181271	0
2	447	29.01523	22.711146	17.631533	30.642091	0
2	448	30.115073	22.147154	17.426554	30.31122	0
2	449	28.53379	21.657226	18.855662	30.953322	0
2	450	29.061076	21.502808	18.092964	31.343152	0
2	451	29.93361	21.855367	16.138662	32.072361	0
2	452	31.194104	21.441733	17.167768	30.169431	0.026965
2	453	28.785199	21.938058	17.33551	31.941232	0
2	454	29.691429	21.641143	17.536	31.131429	0
2	455	29.492557	22.574549	17.417154	30.51574	0
2	456	29.053678	21.238856	17.719168	31.988299	0
2	457	29.249308	22.483237	18.211657	30.055798	0
2	458	29.406479	21.437692	16.921258	32.234571	0
2	459	29.049933	22.998856	17.757766	30.193444	0
2	460	28.1423	21.43648	17.407211	33.014009	0
2	461	27.678052	22.501455	18.324277	31.496216	0
2	462	28.963728	21.875765	16.721328	32.43918	0
2	463	28.998026	21.781836	17.773939	31.446199	0
2	464	30.082028	21.456624	17.772806	30.688541	0
2	465	30.05459	22.336856	17.378675	30.229879	0
2	466	30.221503	19.899869	18.595125	31.283504	0
2	467	29.528523	22.675783	17.583427	30.212267	0
2	468	29.490617	22.267478	16.132192	32.109713	0
2	469	29.736049	21.562922	17.49974	31.201289	0
2	470	28.84978	21.129269	18.018018	32.002933	0
2	471	28.991708	21.253895	18.338351	31.416046	0
2	472	30.218285	22.009927	17.121204	30.650584	0
2	473	28.304737	21.247437	17.934607	32.513219	0
2	474	29.659079	20.308245	18.380351	31.652325	0
2	475	28.595787	22.419009	17.276277	31.708927	0
2	476	29.898855	20.106702	18.194954	31.799489	0
2	477	29.528244	22.780053	17.568856	30.122847	0
2	478	28.142727	21.04039	19.060585	31.756297	0
2	479	29.747562	20.487665	17.452668	32.312106	0
2	480	28.017616	22.095382	17.621835	32.265168	0
2	481	30.45721	21.043376	16.014068	32.485346	0
2	482	29.88908	22.267038	18.352215	29.491666	0
2	483	29.835416	22.489188	17.815954	29.859443	0
2	484	30.013385	20.820151	17.820638	31.345826	0
2	485	29.395114	22.712448	17.721986	30.170451	0
2	486	29.160438	21.001495	17.669407	32.16866	0
2	487	28.901916	23.001765	19.534796	28.561523	0
2	488	29.37496	21.356062	18.214901	31.054076	0
2	489	29.16074	21.886719	17.528773	31.423768	0
2	490	30.235294	21.065359	18.392157	30.30719	0
2	491	28.140704	21.958477	19.525258	30.375562	0
2	492	28.874607	20.914508	18.276762	31.934123	0
2	493	28.906356	21.561187	18.132538	31.399919	0
2	494	29.237317	21.1986	17.381753	32.18233	0
2	495	27.313817	22.814825	18.350601	31.520757	0
2	496	28.048179	21.518631	18.989927	31.443263	0
2	497	29.357995	22.666571	17.560523	30.414911	0
2	498	29.073298	22.690473	17.854561	30.381668	0
2	499	28.998461	21.386182	18.10389	31.511466	0
2	500	29.254331	21.284663	18.444725	31.016281	0
2	501	29.861897	21.062561	18.066561	31.00898	0
2	502	28.451243	21.912046	18.48566	31.151052	0
2	503	30.715005	20.326904	17.700829	31.257262	0
2	504	27.974277	21.480668	18.516195	32.02886	0
2	505	29.730589	20.726377	19.089247	30.453787	0
2	506	29.294231	20.721882	18.119562	31.864325	0
2	507	29.962486	21.831675	18.00685	30.198989	0
2	508	29.877341	21.340958	18.183325	30.598376	0
2	509	29.668207	21.705166	18.101638	30.52499	0
2	510	28.864139	21.195375	17.556538	32.383948	0
2	511	28.88274	21.212383	17.571774	32.333103	0
2	512	27.959255	22.672989	17.413066	31.954689	0
2	513	29.159611	20.951787	17.984137	31.904465	0
2	514	27.216682	22.747053	18.186763	31.849501	0
2	515	31.072613	21.433837	17.554368	29.939182	0
2	516	29.131941	20.217249	18.372507	32.278303	0
2	517	29.923737	21.124881	18.722593	30.228789	0
2	518	30.251938	20.096899	17.054264	32.596899	0
2	519	29.433776	22.737568	16.52388	31.304776	0
2	520	29.993006	22.449795	15.735838	31.821361	0
2	521	29.552846	20.304878	17.997967	32.144309	0
2	522	27.784109	22.852999	19.133948	30.228944	0
2	523	29.82715	21.690556	18.033305	30.448988	0
2	524	28.285531	22.859589	18.311216	30.543664	0
2	525	29.509632	22.340193	17.611646	30.538529	0
2	526	28.684328	21.360196	18.310329	31.645147	0
2	527	31.233715	22.612439	16.789396	29.36445	0
2	528	28.172911	21.752161	17.348703	32.726225	0
2	529	28.047351	21.659634	18.647445	31.64557	0
2	530	28.915518	20.802876	19.029359	31.252247	0
2	531	29.434745	21.535832	16.554755	32.474667	0
2	532	30.763482	22.406277	16.76423	30.066011	0
2	533	28.705703	21.694399	18.315763	31.284136	0
2	534	29.596994	20.811196	17.338344	32.253466	0
2	535	28.285639	21.409645	19.939057	30.36566	0
2	536	29.372803	20.856988	17.477697	32.292511	0
2	537	28.397958	21.650338	17.276114	32.67559	0
2	538	28.64371	22.234715	17.104708	32.016866	0
2	539	29.85096	20.621955	16.394382	33.132703	0
2	540	29.138007	20.89858	17.810625	32.152788	0
2	541	28.364667	20.605789	18.442256	32.587287	0
2	542	30.256332	19.499542	17.043027	33.201099	0
2	543	28.564735	20.646572	18.569421	32.219272	0
2	544	32.071872	19.764668	16.886627	31.276833	0
2	545	29.39547	20.123839	17.875183	32.605508	0
2	546	30.783303	20.804923	16.614003	31.797771	0
2	547	31.391201	20.41787	17.0885	31.102429	0
2	548	29.892436	21.148508	16.776544	32.182512	0
2	549	29.801559	21.527286	16.77888	31.892275	0
2	550	29.149359	19.866354	17.572693	33.411595	0
2	551	30.168114	21.577683	18.030667	30.223536	0
2	552	30.498866	19.482237	17.857143	32.161754	0
2	553	29.26499	21.914894	17.911025	30.909091	0
2	554	31.183221	19.271864	19.351009	30.193906	0
2	555	27.544426	20.65832	19.386107	32.411147	0
2	556	31.291391	20.240066	17.425497	30.836093	0.206954
2	557	30.548523	19.620253	17.848101	31.983122	0
2	558	30.487541	20.195016	17.811484	31.505959	0
2	559	29.410461	21.320922	17.575355	31.693262	0
2	560	30.598368	19.152312	16.908432	33.340888	0
2	561	29.485107	21.334565	18.656199	30.524128	0
2	562	30.009452	21.73913	19.494329	28.757089	0
2	563	28.862479	20.155227	18.894009	32.088285	0
2	564	29.982539	20.628586	18.483412	30.905463	0
2	565	29.184769	19.933555	18.272425	32.609251	0
2	566	30.162474	21.383648	17.138365	31.315514	0
2	567	30.532513	21.193471	17.420391	30.853626	0
2	568	30.115512	20.29703	17.519252	32.068207	0
2	569	28.58345	23.646564	17.335203	30.434783	0
2	570	29.580318	20.665702	17.250362	32.503618	0
2	571	30.646117	19.650267	18.346177	31.357439	0
2	572	31.154551	20.036652	16.615761	32.193036	0
2	573	29.411765	20.932416	17.365457	32.290363	0
2	574	30.890897	19.916075	17.14009	32.052937	0
2	575	30.562914	21.02649	16.456954	31.953642	0
2	576	31.397335	22.548685	15.749915	30.304066	0
2	577	29.975256	19.901025	16.472252	33.651467	0
2	578	31.183971	19.016393	17.595628	32.204007	0
2	579	30.549285	21.294206	18.924003	29.232506	0
2	580	32.360949	18.475301	16.880591	32.283158	0
2	581	26.808682	22.065916	18.850482	32.27492	0
2	582	31.52219	20.738283	16.590626	31.148901	0
2	583	28.614329	20.46332	16.859717	34.062634	0
2	584	29.901961	19.741533	17.780749	32.575758	0
2	585	33.441558	20.408163	16.512059	29.638219	0
2	586	30.072639	22.179177	16.271186	31.476998	0
2	587	30.601922	20.384421	14.820435	34.193222	0
2	588	28.548896	22.660358	15.404837	33.38591	0
2	589	30.296255	20.737842	16.489659	32.476244	0
2	590	31.093936	19.619501	15.636147	33.650416	0
2	591	31.462799	17.339218	18.032787	33.165195	0
2	592	27.210884	19.659864	17.55102	35.578231	0
2	593	31.122449	20.553936	16.690962	31.632653	0
2	594	29.991981	19.085806	17.642342	33.279872	0
2	595	33.333333	17.0194	14.726631	34.920635	0
2	596	30.81571	18.831823	17.321249	33.031219	0
2	597	28.873239	19.953052	17.13615	34.037559	0
2	598	31.687243	21.262003	15.226337	31.824417	0
2	599	34.570312	19.53125	11.914062	33.984375	0
2	600	34.738956	17.670683	11.24498	36.345382	0
2	601	34.204793	18.736383	15.686275	31.372549	0
2	602	54.143646	2.209945	2.762431	40.883978	0


